
| text | FPS Before perf tags |
|------|----------------------|
|      |                    0 |
|      |             52.41935 |
|      |             31.15016 |
|      |             21.55887 |
|      |             14.93109 |
|      |             11.12696 |
|      |             8.726785 |
|      |             9.764647 |
|      |             14.01869 |
|      |             19.06158 |
|      |             25.34113 |
|      |             33.05085 |
|      |             41.84549 |
|      |             56.85131 |
|      |             69.02655 |
|      |              74.0038 |
|      |             72.76119 |
|      |             73.44633 |
|      |                 75.0 |
|      |             72.08872 |
|      |             71.69118 |
|      |             74.71265 |
|      |             71.95572 |
|      |             73.17073 |
|      |             73.44633 |
|      |              71.8232 |
|      |             73.72401 |
|      |             74.85605 |
|      |             72.89719 |
|      |             72.08872 |
|      |              75.4352 |
-------------------------------					

		
low: FPS: 8.726785					
hi: 75.4352		

0 
40.66736 
26.33356 
17.48879 
12.40853 
9.343555 
8.301405 
11.22948 
15.80227 
20.86677 
27.83726 
36.72316 
45.66745 
56.76856 
60.27821 
60.9375  
62.10191 
61.12852 
61.22449 
62.10191 
62.30032 
60.0     
62.30032 
62.00318 
61.12852 
62.4     
62.5     
60.46511 
62.30032 
61.61137 
60.84243 
62.30032 
62.20095 
